CACHE type 5 produced by analog 6.0/Unix. Do not modify or delete!
T	0	0	101	37	5	11	1540312
D	26936664	26937539
18706	10	18	1	526163
18706	11	25	5	536537
18706	12	2	1	4500
18706	14	2	1	4491
18706	15	16	4	206708
18706	16	5	4	6503
18706	17	2	2	6255
18706	18	3	3	9560
18706	19	13	1	197536
18706	22	1	1	0
18706	46	1	1	4173
18706	130	2	2	6396
18706	131	2	2	6400
18706	134	3	3	6796
18706	135	1	1	3442
18706	137	1	1	3643
18706	138	2	2	7426
18706	164	1	1	0
18706	179	1	1	3783
1	4	0	0	0	26936739	0	0	26936692	0	0	22300	/css/style.css
1	4	0	0	0	26936739	0	0	26936692	0	0	4468	/js/common_functions.js
1	4	0	0	0	26936739	0	0	26936692	0	0	121120	/js/jquery-3.5.1.min.js
1	4	0	0	0	26936739	0	0	26936692	0	0	100384	/css/vendors.css
1	4	0	0	0	26936739	0	0	26936692	0	0	47604	/js/velocity.min.js
1	4	0	0	0	26936739	0	0	26936692	0	0	85880	/css/bootstrap.min.css
1	4	0	0	0	26936739	0	0	26936692	0	0	6092	/css/menu.css
1	6	0	0	0	26936714	0	0	26936692	0	0	8436	/img/favicon.ico
1	2	0	0	0	26936696	0	0	26936692	0	0	7108	/img/info_graphic_1.svg
1	4	0	0	0	26936739	0	0	26936692	0	0	3827	/js/func_1.js
1	2	0	0	0	26936696	0	0	26936692	0	0	641152	/css/icon_fonts/font/fontello.woff?32974303
1	37	37	5	4	26937539	26936873	26936675	26936692	26936664	26936664	99305	/
1	1	0	0	0	26936696	0	0	26936696	0	0	914	/send_email_1.php
1	4	0	0	0	26936739	0	0	26936692	0	0	900	/css/custom.css
1	4	0	0	0	26936739	0	0	26936692	0	0	319252	/js/common_scripts.min.js
1	2	0	0	0	26936696	0	0	26936692	0	0	4326	/img/logo.png
1	3	0	0	0	26936721	0	0	26936692	0	0	1728	/img/upload_icon.svg
1	0	0	0	6	0	0	26937458	0	0	26936675	0	/favicon.ico
1	0	0	0	1	0	0	26936675	0	0	26936675	0	/robots.txt
1	4	0	0	0	26936739	0	0	26936692	0	0	5108	/js/file-validator.js
1	4	0	0	0	26936739	0	0	26936692	0	0	60408	/js/modernizr.js
3	3	0	0	0	26936721	0	0	26936692	0	0	1728	https://www.kd22sa3klsmaldm21dmsa2139fklfalmkfdmaklfmvcxm.mamakriau.com/css/style.css
3	0	0	1	0	0	26936873	0	0	26936873	0	0	http://kd22sa3klsmaldm21dmsa2139fklfalmkfdmaklfmvcxm.mamakriau.com/
3	14	14	0	1	26937539	0	26936675	26936692	0	26936675	29802	https://mamakriau.com/
3	56	0	0	4	26936739	0	26937412	26936692	0	26936675	793909	https://www.kd22sa3klsmaldm21dmsa2139fklfalmkfdmaklfmvcxm.mamakriau.com/
3	2	0	0	0	26936696	0	0	26936692	0	0	641152	https://www.kd22sa3klsmaldm21dmsa2139fklfalmkfdmaklfmvcxm.mamakriau.com/css/vendors.css
3	19	19	0	0	26937463	0	0	26936696	0	0	58577	https://www.kd22sa3klsmaldm21dmsa2139fklfalmkfdmaklfmvcxm.mamakriau.com/send_email_1.php
3	1	1	0	0	26936873	0	0	26936873	0	0	4173	https://kd22sa3klsmaldm21dmsa2139fklfalmkfdmaklfmvcxm.mamakriau.com/
3	3	0	0	2	26936714	0	26937458	26936699	0	26937279	4218	https://www.kd22sa3klsmaldm21dmsa2139fklfalmkfdmaklfmvcxm.mamakriau.com/index.html
4	0	0	3	3	0	26936665	26936665	0	26936664	26936664	0	Mozilla/5.0 (X11; Linux i686; rv:10.0) Gecko/20100101 Firefox/10.0
4	1	1	1	0	26936873	26936873	0	26936873	26936873	0	4173	Mozilla/5.0 (Windows NT 10.0; Win64; x64) AppleWebKit/537.36 (KHTML, like Gecko) Chrome/88.0.4324.150 Safari/537.36
4	20	7	0	1	26936750	0	26936719	26936719	0	26936719	207137	Mozilla/5.0 (Windows NT 10.0; Win64; x64) AppleWebKit/537.36 (KHTML, like Gecko) Chrome/89.0.4389.82 Safari/537.36
4	67	28	0	7	26937539	0	26937458	26936692	0	26936675	1131466	Mozilla/5.0 (Windows NT 10.0; Win64; x64) AppleWebKit/537.36 (KHTML, like Gecko) Chrome/89.0.4389.90 Safari/537.36
4	13	1	1	0	26936739	26936739	0	26936739	26936739	0	197536	Mozilla/5.0 (Windows NT 10.0; Win64; x64) AppleWebKit/537.36 (KHTML, like Gecko) Chrome/76.0.3809.71 Safari/537.36
5	13	1	1	0	26936739	26936739	0	26936739	26936739	0	197536	65.154.226.165
5	1	1	1	0	26936873	26936873	0	26936873	26936873	0	4173	54.221.27.173
5	74	22	0	4	26936750	0	26936719	26936692	0	26936675	1300717	36.72.213.19
5	0	0	3	3	0	26936665	26936665	0	26936664	26936664	0	179.43.169.181
5	13	13	0	4	26937539	0	26937458	26937291	0	26937279	37886	125.163.176.143
z	0	7	7	26937463	0
z	3	12	0	26936739	7369
z	4	56	30	26937539	157143
z	5	24	0	26936739	734648
z	6	2	0	26936696	641152
c	200	94	26937539
c	301	5	26936873
c	304	7	26937463
c	403	4	26936675
c	404	7	26937458
