CACHE type 5 produced by analog 6.0/Unix. Do not modify or delete!
T	0	0	227	37	5	150	3000239
D	26919185	26972595
18693	253	1	1	952
18693	257	1	1	774
18694	17	1	1	910
18694	128	1	1	774
18694	130	12	2	102695
18694	131	51	7	842146
18694	132	3	2	10972
18694	133	3	2	11004
18694	134	30	3	470338
18694	135	19	0	19632
18694	136	11	1	13744
18694	137	1	0	2097
18694	140	2	0	1760
18694	141	1	0	1065
18694	142	2	0	2117
18694	143	17	0	569857
18694	144	17	0	569821
18694	206	1	0	1286
18694	207	2	1	5947
18694	221	1	1	27598
18694	226	1	1	27598
18694	235	1	1	27598
18694	261	1	0	1286
18696	139	1	1	27598
18696	142	1	1	27598
18700	17	1	1	27598
18703	224	1	1	27598
18705	50	1	1	27598
18706	180	1	1	27598
18706	232	1	1	27598
18708	213	35	0	0
18710	0	1	1	27598
18711	58	1	1	27598
18712	70	1	1	6144
18712	97	1	1	27598
18716	8	1	1	6144
1	0	0	0	1	0	0	26960893	0	0	26960893	0	/staging/rss/catalog/review
1	0	0	0	4	0	0	26920079	0	0	26920079	0	/assets/css/iofrm-style.css
1	0	0	0	1	0	0	26960893	0	0	26960893	0	/rss/order/new
1	0	0	0	1	0	0	26960893	0	0	26960893	0	/old/rss/catalog/notifystock
1	0	0	0	1	0	0	26960894	0	0	26960894	0	/shop/errors/503.php
1	4	0	0	0	26940588	0	0	26920015	0	0	41781	/assets/img/blog/post_1.jpg
1	0	0	0	1	0	0	26960893	0	0	26960893	0	/shop/rss/order/new
1	0	0	0	1	0	0	26960893	0	0	26960893	0	/store/rss/order/new
1	0	0	0	1	0	0	26960893	0	0	26960893	0	/magento/index.php/admin/
1	4	0	0	0	26940588	0	0	26920015	0	0	115401	/assets/img/icons/orion-svg-sprite.svg
1	0	0	0	1	0	0	26960893	0	0	26960893	0	/magento/rss/order/new
1	3	0	0	0	26940588	0	0	26920079	0	0	370	/theme/js/main.js
1	0	0	0	1	0	0	26960893	0	0	26960893	0	/test/rss/catalog/notifystock
1	4	0	0	0	26940588	0	0	26920015	0	0	5694	/assets/img/partners/5.png
1	0	0	0	1	0	0	26960893	0	0	26960893	0	/old/downloader/index.php
1	0	0	0	2	0	0	26920392	0	0	26920083	0	/register2.html
1	4	0	0	0	26940588	0	0	26920014	0	0	24744	/assets/css/bootstrap.min.css
1	3	0	0	0	26940588	0	0	26920079	0	0	13896	/theme/js/popper.min.js
1	1	0	0	0	26940588	0	0	26940588	0	0	0	/assets/css/style.css?36.72.213.150
1	4	0	0	0	26940588	0	0	26920015	0	0	4758	/assets/img/partners/1.png
1	0	0	0	1	0	0	26960893	0	0	26960893	0	/magento/rss/catalog/notifystock
1	0	0	1	2	0	26919185	26919185	0	26919185	26919185	0	/robots.txt
1	0	0	0	4	0	0	26940588	0	0	26919185	0	/favicon.ico
1	4	0	0	0	26940588	0	0	26920014	0	0	900	/assets/js/cookies.js
1	0	0	0	1	0	0	26960894	0	0	26960894	0	/demo/errors/503.php
1	3	0	0	0	26940588	0	0	26920079	0	0	865136	/theme/images/img2.jpg
1	0	0	0	1	0	0	26960893	0	0	26960893	0	/shop/rss/catalog/review
1	0	0	0	4	0	0	26920079	0	0	26920079	0	/assets/images/logo-light.svg
1	4	0	0	0	26940588	0	0	26920014	0	0	98553	/assets/js/jquery.min.js
1	0	0	0	1	0	0	26960893	0	0	26960893	0	/demo/rss/catalog/notifystock
1	0	0	0	1	0	0	26960893	0	0	26960893	0	/shop/rss/catalog/notifystock
1	0	0	0	1	0	0	26960893	0	0	26960893	0	/shop/index.php/admin/
1	0	0	0	1	0	0	26960893	0	0	26960893	0	/test/index.php/admin/
1	0	0	0	1	0	0	26920047	0	0	26920047	0	/contact.html
1	0	0	0	1	0	0	26960893	0	0	26960893	0	/rss/catalog/notifystock
1	0	0	0	1	0	0	26960893	0	0	26960893	0	/downloader/index.php
1	0	0	0	1	0	0	26960893	0	0	26960893	0	/dev/rss/catalog/notifystock
1	1	0	0	0	26920034	0	0	26920034	0	0	3916	/assets/img/logo@2x.png
1	0	0	0	1	0	0	26960893	0	0	26960893	0	/dev/rss/catalog/review
1	0	0	0	4	0	0	26920079	0	0	26920079	0	/assets/css/fontawesome-all.min.css
1	0	0	0	1	0	0	26960894	0	0	26960894	0	/store/errors/503.php
1	0	0	0	1	0	0	26920082	0	0	26920082	0	/login2.html
1	4	0	0	0	26940588	0	0	26920015	0	0	9834	/assets/img/partners/4.png
1	0	0	0	1	0	0	26960893	0	0	26960893	0	/dev/errors/503.php
1	0	0	0	1	0	0	26960893	0	0	26960893	0	/demo/rss/order/new
1	3	0	0	0	26940588	0	0	26920079	0	0	3180	/theme/css/iofrm-theme2.css
1	0	0	0	1	0	0	26960893	0	0	26960893	0	/magento/rss/catalog/review
1	27	0	0	0	26940588	0	0	26920014	0	0	23244	/assets/img/favicon.ico
1	3	0	0	0	26920034	0	0	26920014	0	0	41208	/assets/fonts/ui-icons.woff2?98368862
1	0	0	0	1	0	0	26960893	0	0	26960893	0	/test/downloader/index.php
1	0	0	0	1	0	0	26960893	0	0	26960893	0	/test/rss/catalog/review
1	0	0	0	1	0	0	26960893	0	0	26960893	0	/old/rss/order/new
1	4	0	0	0	26940588	0	0	26920014	0	0	37626	/assets/js/bootstrap.min.js
1	32	0	0	25	26920668	0	26920033	26920035	0	26920024	36210	/login
1	0	0	0	1	0	0	26960893	0	0	26960893	0	/demo/downloader/index.php
1	2	0	0	0	26920082	0	0	26920079	0	0	88136	/theme/webfonts/fa-solid-900.woff2
1	0	0	0	1	0	0	26960894	0	0	26960894	0	/magento/errors/503.php
1	3	0	0	0	26940588	0	0	26920079	0	0	11074	/theme/css/iofrm-style.css
1	0	0	0	1	0	0	26960893	0	0	26960893	0	/dev/index.php/admin/
1	0	0	0	1	0	0	26960893	0	0	26960893	0	/errors/503.php
1	0	0	0	1	0	0	26960893	0	0	26960893	0	/old/rss/catalog/review
1	0	0	0	1	0	0	26960893	0	0	26960893	0	/demo/index.php/admin/
1	4	0	0	0	26940588	0	0	26920015	0	0	42588	/assets/img/blog/post_3.jpg
1	0	0	0	4	0	0	26953092	0	0	26941122	0	/index.php/wp-login.php
1	0	0	0	1	0	0	26960893	0	0	26960893	0	/magento/downloader/index.php
1	0	0	0	1	0	0	26960894	0	0	26960894	0	/staging/errors/503.php
1	0	0	0	1	0	0	26960893	0	0	26960893	0	/staging/rss/catalog/notifystock
1	26	26	2	12	26945767	26919446	26963582	26919185	26919185	26919178	197401	/
1	0	0	0	1	0	0	26960894	0	0	26960894	0	/old/errors/503.php
1	0	0	0	1	0	0	26941119	0	0	26941119	0	/index.php/wp-login.php?36.72.213.150
1	0	0	0	1	0	0	26960893	0	0	26960893	0	/demo/rss/catalog/review
1	0	0	0	8	0	0	26920079	0	0	26920079	0	/assets/js/main.js
1	4	0	0	0	26940588	0	0	26920015	0	0	10083	/assets/img/partners/3.png
1	0	0	0	5	0	0	26920079	0	0	26920079	0	/assets/js/popper.min.js
1	3	0	0	0	26940588	0	0	26920079	0	0	38212	/theme/css/bootstrap.min.css
1	0	0	0	4	0	0	26920015	0	0	26920014	0	/img/logo.png
1	0	0	0	1	0	0	26960893	0	0	26960893	0	/store/downloader/index.php
1	9	9	0	0	26944133	0	0	26920539	0	0	248382	/?36.72.213.150
1	4	0	0	0	26940588	0	0	26920015	0	0	51894	/assets/img/testimonials/2.png
1	0	0	0	1	0	0	26960893	0	0	26960893	0	/old/index.php/admin/
1	3	0	0	0	26940588	0	0	26920079	0	0	2578	/theme/images/logo-light.svg
1	3	0	0	0	26940588	0	0	26920079	0	0	59328	/theme/js/jquery.min.js
1	0	0	0	1	0	0	26960893	0	0	26960893	0	/test/rss/order/new
1	0	0	0	1	0	0	26960893	0	0	26960893	0	/store/index.php/admin/
1	0	0	0	3	0	0	26969801	0	0	26953091	0	/index.php/wp-login.php?162.0.210.3
1	4	0	0	0	26940588	0	0	26920015	0	0	195951	/assets/img/hero/hero.jpg
1	4	0	0	0	26940588	0	0	26920015	0	0	132624	/assets/img/partners/map.png
1	4	0	0	0	26940588	0	0	26920015	0	0	340809	/assets/img/promo/promo_img_1.jpg
1	0	0	0	1	0	0	26960893	0	0	26960893	0	/dev/rss/order/new
1	0	0	0	1	0	0	26960894	0	0	26960894	0	/test/errors/503.php
1	2	2	2	1	26951082	26972595	26963546	26945630	26971934	26963546	12288	/?162.0.210.3
1	0	0	0	1	0	0	26960893	0	0	26960893	0	/staging/rss/order/new
1	4	0	0	0	26940588	0	0	26920015	0	0	39972	/assets/img/blog/post_2.jpg
1	0	0	0	1	0	0	26960893	0	0	26960893	0	/store/rss/catalog/review
1	0	0	0	1	0	0	26960893	0	0	26960893	0	/index.php/admin/?162.0.210.3
1	0	0	0	1	0	0	26920039	0	0	26920039	0	/l
1	4	0	0	0	26940588	0	0	26920014	0	0	45801	/assets/js/plugins.js
1	3	0	0	0	26920034	0	0	26920014	0	0	39768	/assets/css/style.css
1	3	0	0	0	26940588	0	0	26920079	0	0	15518	/theme/css/fontawesome-all.min.css
1	0	0	0	6	0	0	26920084	0	0	26920071	0	/index.php/login/cek_login
1	0	0	0	1	0	0	26960893	0	0	26960893	0	/staging/downloader/index.php
1	4	0	0	0	26940588	0	0	26920015	0	0	6291	/assets/img/logo.png
1	0	0	0	1	0	0	26960893	0	0	26960893	0	/store/rss/catalog/notifystock
1	4	0	0	0	26940588	0	0	26920014	0	0	4122	/assets/css/font-icons.css
1	4	0	0	0	26940588	0	0	26920015	0	0	5577	/assets/img/partners/2.png
1	0	0	0	1	0	0	26960893	0	0	26960893	0	/staging/index.php/admin/
1	0	0	0	4	0	0	26920079	0	0	26920079	0	/assets/css/iofrm-theme2.css
1	4	0	0	0	26940588	0	0	26920015	0	0	51768	/assets/img/testimonials/1.png
1	3	0	0	0	26940588	0	0	26920079	0	0	2598	/theme/images/logo-dark.svg
1	0	0	0	1	0	0	26960893	0	0	26960893	0	/shop/downloader/index.php
1	0	0	0	1	0	0	26960893	0	0	26960893	0	/rss/catalog/review
1	0	0	0	1	0	0	26960893	0	0	26960893	0	/dev/downloader/index.php
1	4	0	0	0	26940588	0	0	26920014	0	0	4269	/assets/js/scripts.js
1	3	0	0	0	26940588	0	0	26920079	0	0	26756	/theme/js/bootstrap.min.js
2	0	0	0	3	0	0	26960893	0	0	26960893	0	83.8147444673389
2	0	0	0	3	0	0	26960893	0	0	26960893	0	85.5168904070226
2	0	0	0	3	0	0	26960893	0	0	26960893	0	75.1829717255021
2	0	0	0	3	0	0	26960893	0	0	26960893	0	93.3292738571396
2	0	0	0	3	0	0	26960893	0	0	26960893	0	79.4125071786461
2	0	0	0	3	0	0	26960893	0	0	26960893	0	1.50569070240678
2	0	0	0	3	0	0	26960893	0	0	26960893	0	54.7490110032825
2	0	0	0	3	0	0	26960893	0	0	26960893	0	20.9833151637433
2	0	0	0	3	0	0	26960893	0	0	26960893	0	2.07522609473685
3	0	0	1	0	0	26919446	0	0	26919446	0	0	http://pricing.mamakriau.com/
3	2	2	0	0	26920033	0	0	26920017	0	0	10096	https://mail.google.com/
3	3	0	0	0	26920034	0	0	26920014	0	0	41208	https://www.pricing.mamakriau.com/assets/css/font-icons.css
3	106	0	0	8	26940588	0	26920047	26920014	0	26919185	1325452	https://www.pricing.mamakriau.com/
3	1	1	0	0	26919446	0	0	26919446	0	0	910	https://pricing.mamakriau.com/
3	41	0	0	39	26940588	0	26940588	26920036	0	26920071	183428	https://www.pricing.mamakriau.com/login
3	2	0	0	0	26920082	0	0	26920079	0	0	88136	https://www.pricing.mamakriau.com/theme/css/fontawesome-all.min.css
3	0	0	0	3	0	0	26969801	0	0	26941601	0	http://www.pricing.mamakriau.com/wp-login.php
3	6	0	0	0	26940588	0	0	26920079	0	0	867734	https://www.pricing.mamakriau.com/theme/css/iofrm-theme2.css
3	0	0	0	1	0	0	26920047	0	0	26920047	0	https://www.pricing.mamakriau.com/contact.html
3	0	0	0	5	0	0	26968501	0	0	26941119	0	http://pricing.mamakriau.com/wp-login.php
4	0	0	1	0	0	26972595	0	0	26972595	0	0	Mozilla/5.0 (Windows NT 10.0; Win64; x64) AppleWebKit/537.36 (KHTML, like Gecko) Chrome/74.0.3729.157 Safari/537.36
4	1	1	1	0	26919446	26919446	0	26919446	26919446	0	910	Mozilla/5.0 (Windows NT 10.0; Win64; x64) AppleWebKit/537.36 (KHTML, like Gecko) Chrome/88.0.4324.150 Safari/537.36
4	0	0	1	0	0	26971934	0	0	26971934	0	0	facebookexternalhit/1.1
4	53	2	0	20	26920668	0	26920392	26920034	0	26920047	1044093	Mozilla/5.0 (Windows NT 10.0; Win64; x64) AppleWebKit/537.36 (KHTML, like Gecko) Chrome/89.0.4389.72 Safari/537.36 Edg/89.0.774.45
4	5	5	0	0	26922953	0	0	26920469	0	0	137990	Mozilla/5.0 (X11; Ubuntu; Linux x86_64; rv:58.0) Gecko/20100101 Firefox/58.0
4	0	0	0	2	0	0	26963582	0	0	26963546	0	Mozilla/5.0 (compatible; NetcraftSurveyAgent/1.0; +info@netcraft.com)
4	7	7	0	0	26945767	0	0	26928085	0	0	193186	Expanse indexes the network perimeters of our customers. If you have any questions or concerns, please reach out to: scaninfo@expanseinc.com
4	0	0	0	62	0	0	26969801	0	0	26941119	0	Mozilla/5.0 (X11; Ubuntu; Linux x86_64; rv:62.0) Gecko/20100101 Firefox/62.0
4	28	2	0	0	26920033	0	0	26920017	0	0	462556	Mozilla/5.0 (Windows NT 10.0; Win64; x64) AppleWebKit/537.36 (KHTML, like Gecko) Chrome/89.0.4389.82 Safari/537.36
4	1	1	0	0	26942402	0	0	26942402	0	0	27598	NetSystemsResearch studies the availability of various services across the internet. Our website is netsystemsresearch.com
4	95	17	2	64	26920079	26919185	26920080	26919185	26919185	26919185	1121618	Mozilla/5.0 (X11; Linux x86_64) AppleWebKit/537.36 (KHTML, like Gecko) Chrome/89.0.4389.82 Safari/537.36
4	35	0	0	1	26940588	0	26940588	26940588	0	26940588	0	Mozilla/5.0 (Windows NT 10.0; Win64; x64) AppleWebKit/537.36 (KHTML, like Gecko) Chrome/89.0.4389.90 Safari/537.36 Edg/89.0.774.57
4	0	0	0	1	0	0	26919178	0	0	26919178	0	Mozilla/5.0 (Windows NT 10.0; Win64; x64) AppleWebKit/537.36 (KHTML, like Gecko) Chrome/76.0.3809.71 Safari/537.36
4	2	2	0	0	26951082	0	0	26945630	0	0	12288	Mozilla/5.0 (Macintosh; U; Intel Mac OS X 10_6_8; en-us) AppleWebKit/534.50 (KHTML, like Gecko) Version/5.1 Safari/534.50
5	1	1	0	0	26945630	0	0	26945630	0	0	6144	192.46.225.231
5	1	1	0	0	26937540	0	0	26937540	0	0	27598	34.77.162.14
5	1	1	1	0	26919446	26919446	0	26919446	26919446	0	910	54.221.27.173
5	0	0	0	1	0	0	26919178	0	0	26919178	0	65.154.226.109
5	35	0	0	1	26940588	0	26940588	26940588	0	26940588	0	125.163.176.143
5	1	1	0	0	26951082	0	0	26951082	0	0	6144	34.106.251.208
5	0	0	0	1	0	0	26968501	0	0	26968501	0	192.64.116.117
5	0	0	1	0	0	26972595	0	0	26972595	0	0	35.183.182.7
5	0	0	0	1	0	0	26963582	0	0	26963582	0	165.227.116.106
5	0	0	0	1	0	0	26941601	0	0	26941601	0	188.40.30.67
5	0	0	1	0	0	26971934	0	0	26971934	0	0	67.21.36.3
5	0	0	0	1	0	0	26963546	0	0	26963546	0	165.227.74.145
5	0	0	0	1	0	0	26953091	0	0	26953091	0	80.244.175.202
5	0	0	0	1	0	0	26953092	0	0	26953092	0	152.67.52.194
5	1	1	0	0	26920539	0	0	26920539	0	0	27598	62.210.5.253
5	176	21	2	84	26920668	26919185	26920392	26919185	26919185	26919185	2628267	36.72.213.150
5	0	0	0	1	0	0	26941119	0	0	26941119	0	159.65.219.142
5	1	1	0	0	26920491	0	0	26920491	0	0	27598	62.4.14.198
5	0	0	0	1	0	0	26969801	0	0	26969801	0	209.151.150.83
5	0	0	0	1	0	0	26941122	0	0	26941122	0	195.154.107.28
5	0	0	0	54	0	0	26960894	0	0	26960893	0	156.146.62.191
5	1	1	0	0	26942402	0	0	26942402	0	0	27598	92.118.160.5
5	2	2	0	0	26922936	0	0	26920469	0	0	55196	51.15.191.81
5	1	1	0	0	26935454	0	0	26935454	0	0	27598	34.77.162.9
5	2	2	0	0	26933442	0	0	26928085	0	0	55196	34.77.162.7
5	2	2	0	0	26944133	0	0	26937803	0	0	55196	34.77.162.25
5	1	1	0	0	26945767	0	0	26945767	0	0	27598	34.77.162.23
5	1	1	0	0	26922953	0	0	26922953	0	0	27598	212.83.146.233
5	0	0	0	1	0	0	26941601	0	0	26941601	0	162.0.210.3
z	0	35	0	26940588	0
z	3	48	4	26920395	38871
z	4	79	20	26951082	249282
z	5	60	13	26945767	1506141
z	6	5	0	26920082	1205945
c	200	192	26951082
c	301	3	26919446
c	302	2	26972595
c	304	35	26940588
c	403	1	26919178
c	404	133	26969801
c	500	16	26920084
